# t = 5.00014e-05
# 1:pos.x 2:pos.y 3:pos.z 4:area 5:q_total 6:q_cond 7:q_diff 8:tau 9:l_tau 10:m_tau 11:n_tau 12:sigma 13:n.x 14:n.y 15:n.z 16:T 17:Re_wall 18:y+ 19:cellWidthNormalToSurface
2.9990292813390830e-03 7.1398018894473312e-03 0.0000000000000000e+00 1.4018743030537704e-06 0.0000000000000000e+00 0.0000000000000000e+00 0.0000000000000000e+00 0.0000000000000000e+00 0.0000000000000000e+00 0.0000000000000000e+00 0.0000000000000000e+00 2.2547002223319086e+05 7.0013081189852411e-01 -7.1401459805126777e-01 0.0000000000000000e+00 4.6691022184369814e+02 0.0000000000000000e+00 0.0000000000000000e+00 9.5064512454078016e-05
3.1405594596071117e-03 7.2758805306930210e-03 0.0000000000000000e+00 1.4285928525752589e-06 0.0000000000000000e+00 0.0000000000000000e+00 0.0000000000000000e+00 0.0000000000000000e+00 0.0000000000000000e+00 0.0000000000000000e+00 0.0000000000000000e+00 2.1802804986342753e+05 6.8597711199019151e-01 -7.2762311798457591e-01 0.0000000000000000e+00 4.5894058136831450e+02 0.0000000000000000e+00 0.0000000000000000e+00 9.7706707771875873e-05
3.2847340827788824e-03 7.4091541814914116e-03 0.0000000000000000e+00 1.4547606523575705e-06 0.0000000000000000e+00 0.0000000000000000e+00 0.0000000000000000e+00 0.0000000000000000e+00 0.0000000000000000e+00 0.0000000000000000e+00 0.0000000000000000e+00 2.1080191264428827e+05 6.7155895484701933e-01 -7.4095112535495833e-01 0.0000000000000000e+00 4.5104434289415519e+02 0.0000000000000000e+00 0.0000000000000000e+00 1.0036050054428126e-04
3.4314975687926735e-03 7.5395714623131393e-03 0.0000000000000000e+00 1.4803676142157798e-06 0.0000000000000000e+00 0.0000000000000000e+00 0.0000000000000000e+00 0.0000000000000000e+00 0.0000000000000000e+00 0.0000000000000000e+00 0.0000000000000000e+00 2.0398104419174913e+05 6.5688189894304105e-01 -7.5399348196186977e-01 0.0000000000000000e+00 4.4340297730173188e+02 0.0000000000000000e+00 0.0000000000000000e+00 1.0302067449517536e-04
3.5807933375308549e-03 7.6670820948138412e-03 0.0000000000000000e+00 1.5054038661785881e-06 0.0000000000000000e+00 0.0000000000000000e+00 0.0000000000000000e+00 0.0000000000000000e+00 0.0000000000000000e+00 0.0000000000000000e+00 0.0000000000000000e+00 1.9784976352257770e+05 6.4195160256270778e-01 -7.6674515972855750e-01 0.0000000000000000e+00 4.3626266031873570e+02 0.0000000000000000e+00 0.0000000000000000e+00 1.0568215443234752e-04
3.7325638326326026e-03 7.7916369212174099e-03 0.0000000000000000e+00 1.5298597562943178e-06 0.0000000000000000e+00 0.0000000000000000e+00 0.0000000000000000e+00 0.0000000000000000e+00 0.0000000000000000e+00 0.0000000000000000e+00 0.0000000000000000e+00 1.9225399609299592e+05 6.2677382161946293e-01 -7.7920124264052193e-01 0.0000000000000000e+00 4.2950164368313978e+02 0.0000000000000000e+00 0.0000000000000000e+00 1.0833999716380344e-04
3.8867505436829728e-03 7.9131879232672599e-03 0.0000000000000000e+00 1.5537258563518135e-06 0.0000000000000000e+00 0.0000000000000000e+00 0.0000000000000000e+00 0.0000000000000000e+00 0.0000000000000000e+00 0.0000000000000000e+00 0.0000000000000000e+00 1.8709579717000324e+05 6.1135440743681857e-01 -7.9135692864065865e-01 0.0000000000000000e+00 4.2314262416241689e+02 0.0000000000000000e+00 0.0000000000000000e+00 1.1098938242549660e-04
4.0432940287697776e-03 8.0316882407382717e-03 0.0000000000000000e+00 1.5769929655151319e-06 0.0000000000000000e+00 0.0000000000000000e+00 0.0000000000000000e+00 0.0000000000000000e+00 0.0000000000000000e+00 0.0000000000000000e+00 0.0000000000000000e+00 1.8229248129131101e+05 5.9569930449242658e-01 -8.0320753148064983e-01 0.0000000000000000e+00 4.1725530870881613e+02 0.0000000000000000e+00 0.0000000000000000e+00 1.1362560402237384e-04
4.2021339373995732e-03 8.1470921895023043e-03 0.0000000000000000e+00 1.5996521138708409e-06 0.0000000000000000e+00 0.0000000000000000e+00 0.0000000000000000e+00 0.0000000000000000e+00 0.0000000000000000e+00 0.0000000000000000e+00 0.0000000000000000e+00 1.7698545934852870e+05 5.7981454812652355e-01 -8.1474848252748233e-01 0.0000000000000000e+00 4.1084698197311718e+02 0.0000000000000000e+00 0.0000000000000000e+00 1.1624406132336947e-04
4.3632090337639273e-03 8.2593552791402937e-03 0.0000000000000000e+00 1.6216945658858577e-06 0.0000000000000000e+00 0.0000000000000000e+00 0.0000000000000000e+00 0.0000000000000000e+00 0.0000000000000000e+00 0.0000000000000000e+00 0.0000000000000000e+00 1.7223656815661304e+05 5.6370626221501441e-01 -8.2597533252487465e-01 0.0000000000000000e+00 4.0475719460671559e+02 0.0000000000000000e+00 0.0000000000000000e+00 1.1884025120423884e-04
4.5264572203469883e-03 8.3684342300941600e-03 0.0000000000000000e+00 1.6431118237753712e-06 0.0000000000000000e+00 0.0000000000000000e+00 0.0000000000000000e+00 0.0000000000000000e+00 0.0000000000000000e+00 0.0000000000000000e+00 0.0000000000000000e+00 1.6809184502070246e+05 5.4738065680879378e-01 -8.3688375330841114e-01 0.0000000000000000e+00 3.9894211483591084e+02 0.0000000000000000e+00 0.0000000000000000e+00 1.2140976049712892e-04
4.6918155618652551e-03 8.4742869903518935e-03 0.0000000000000000e+00 1.6638956307787287e-06 0.0000000000000000e+00 0.0000000000000000e+00 0.0000000000000000e+00 0.0000000000000000e+00 0.0000000000000000e+00 0.0000000000000000e+00 0.0000000000000000e+00 1.6389873489258476e+05 5.3084402573950840e-01 -8.4746953947423509e-01 0.0000000000000000e+00 3.9299066713014355e+02 0.0000000000000000e+00 0.0000000000000000e+00 1.2394825897995998e-04
4.8592203095303328e-03 8.5768727516594197e-03 0.0000000000000000e+00 1.6840379743427593e-06 0.0000000000000000e+00 0.0000000000000000e+00 0.0000000000000000e+00 0.0000000000000000e+00 0.0000000000000000e+00 0.0000000000000000e+00 0.0000000000000000e+00 1.5727580406348268e+05 5.1410274419322388e-01 -8.5772861000027079e-01 0.0000000000000000e+00 3.8527405260857000e+02 0.0000000000000000e+00 0.0000000000000000e+00 1.2645149292011260e-04
5.0286069256253027e-03 8.6761519652529435e-03 0.0000000000000000e+00 1.7035310892105274e-06 0.0000000000000000e+00 0.0000000000000000e+00 0.0000000000000000e+00 0.0000000000000000e+00 0.0000000000000000e+00 0.0000000000000000e+00 0.0000000000000000e+00 1.5046544969886809e+05 4.9716326625265256e-01 -8.6765700981954508e-01 0.0000000000000000e+00 3.7822691345734046e+02 0.0000000000000000e+00 0.0000000000000000e+00 1.2891527917401616e-04
5.1999101083852368e-03 8.7720863571057600e-03 0.0000000000000000e+00 1.7223674604152026e-06 0.0000000000000000e+00 0.0000000000000000e+00 0.0000000000000000e+00 0.0000000000000000e+00 0.0000000000000000e+00 0.0000000000000000e+00 0.0000000000000000e+00 1.4418887360569875e+05 4.8003212240902049e-01 -8.7725091134491906e-01 0.0000000000000000e+00 3.7188153196352090e+02 0.0000000000000000e+00 0.0000000000000000e+00 1.3133549983550659e-04
5.3730638171722769e-03 8.8646389426836163e-03 0.0000000000000000e+00 1.7405398261771550e-06 0.0000000000000000e+00 0.0000000000000000e+00 0.0000000000000000e+00 0.0000000000000000e+00 0.0000000000000000e+00 0.0000000000000000e+00 0.0000000000000000e+00 1.4025779588028209e+05 4.6271591704435017e-01 -8.8650661594474633e-01 0.0000000000000000e+00 3.6764548584116795e+02 0.0000000000000000e+00 0.0000000000000000e+00 1.3370809742048511e-04
5.5480012979355550e-03 8.9537740412029485e-03 0.0000000000000000e+00 1.7580411807034116e-06 0.0000000000000000e+00 0.0000000000000000e+00 0.0000000000000000e+00 0.0000000000000000e+00 0.0000000000000000e+00 0.0000000000000000e+00 0.0000000000000000e+00 1.3675395932722578e+05 4.4522132588546365e-01 -8.9542055536869913e-01 0.0000000000000000e+00 3.6382139001694145e+02 0.0000000000000000e+00 0.0000000000000000e+00 1.3602907057251145e-04
5.7246551089461493e-03 9.0394572893865155e-03 0.0000000000000000e+00 1.7748647768886458e-06 0.0000000000000000e+00 0.0000000000000000e+00 0.0000000000000000e+00 0.0000000000000000e+00 0.0000000000000000e+00 0.0000000000000000e+00 0.0000000000000000e+00 1.3530869741217769e+05 4.2755509343028220e-01 -9.0398929312344323e-01 0.0000000000000000e+00 3.6147100298499709e+02 0.0000000000000000e+00 0.0000000000000000e+00 1.3829447027295362e-04
5.9029571467971546e-03 9.1216556547110868e-03 0.0000000000000000e+00 1.7910041289163076e-06 0.0000000000000000e+00 0.0000000000000000e+00 0.0000000000000000e+00 0.0000000000000000e+00 0.0000000000000000e+00 0.0000000000000000e+00 0.0000000000000000e+00 1.3394059479518689e+05 4.0972403034770266e-01 -9.1220952579746439e-01 0.0000000000000000e+00 3.5927137159109293e+02 0.0000000000000000e+00 0.0000000000000000e+00 1.4050039653977546e-04
6.0828386726588454e-03 9.2003374481421148e-03 0.0000000000000000e+00 1.8064530147589318e-06 0.0000000000000000e+00 0.0000000000000000e+00 0.0000000000000000e+00 0.0000000000000000e+00 0.0000000000000000e+00 0.0000000000000000e+00 0.0000000000000000e+00 1.3008971826759713e+05 3.9173501085195067e-01 -9.2007808433459726e-01 0.0000000000000000e+00 3.5482936237451804e+02 0.0000000000000000e+00 0.0000000000000000e+00 1.4264299560045975e-04
