# t = 5.00014e-05
# 1:pos.x 2:pos.y 3:pos.z 4:area 5:q_total 6:q_cond 7:q_diff 8:tau 9:l_tau 10:m_tau 11:n_tau 12:sigma 13:n.x 14:n.y 15:n.z 16:T 17:Re_wall 18:y+ 19:cellWidthNormalToSurface
9.6379758967625462e-07 9.8168462303141501e-05 0.0000000000000000e+00 1.9275022865337484e-08 0.0000000000000000e+00 0.0000000000000000e+00 0.0000000000000000e+00 0.0000000000000000e+00 0.0000000000000000e+00 0.0000000000000000e+00 0.0000000000000000e+00 4.7461952123850799e+05 9.9995180895932800e-01 -9.8173193371550831e-03 0.0000000000000000e+00 2.4089680737077888e+03 0.0000000000000000e+00 0.0000000000000000e+00 4.9984050683319264e-05
4.8186163860621661e-06 2.9446754109848457e-04 0.0000000000000000e+00 5.7817637707781064e-08 0.0000000000000000e+00 0.0000000000000000e+00 0.0000000000000000e+00 0.0000000000000000e+00 0.0000000000000000e+00 0.0000000000000000e+00 0.0000000000000000e+00 4.6378815027961985e+05 9.9956630850202122e-01 -2.9448173247963651e-02 0.0000000000000000e+00 2.4072289778340387e+03 0.0000000000000000e+00 0.0000000000000000e+00 4.9936018135519580e-05
1.2526767872805822e-05 4.9065309705128820e-04 0.0000000000000000e+00 9.6337962750279133e-08 0.0000000000000000e+00 0.0000000000000000e+00 0.0000000000000000e+00 0.0000000000000000e+00 0.0000000000000000e+00 0.0000000000000000e+00 0.0000000000000000e+00 4.6582381152089825e+05 9.9879545620517296e-01 -4.9067674327405733e-02 0.0000000000000000e+00 2.4059504879390602e+03 0.0000000000000000e+00 0.0000000000000000e+00 4.9848445407715743e-05
2.4085280410779744e-05 6.8664949689516998e-04 0.0000000000000000e+00 1.3482114767426029e-07 0.0000000000000000e+00 0.0000000000000000e+00 0.0000000000000000e+00 0.0000000000000000e+00 0.0000000000000000e+00 0.0000000000000000e+00 0.0000000000000000e+00 4.6178048003376328e+05 9.9763954924701537e-01 -6.8668258884377151e-02 0.0000000000000000e+00 2.4012395055040161e+03 0.0000000000000000e+00 0.0000000000000000e+00 4.9731286597435409e-05
3.9489697973375468e-05 8.8238118028702772e-04 0.0000000000000000e+00 1.7325235647937458e-07 0.0000000000000000e+00 0.0000000000000000e+00 0.0000000000000000e+00 0.0000000000000000e+00 0.0000000000000000e+00 0.0000000000000000e+00 0.0000000000000000e+00 4.6018621726911992e+05 9.9609903325168692e-01 -8.8242370520373203e-02 0.0000000000000000e+00 2.3869790585934174e+03 0.0000000000000000e+00 0.0000000000000000e+00 4.9594964692792900e-05
5.8734081864384585e-05 1.0777726889369911e-03 0.0000000000000000e+00 2.1161677320305733e-07 0.0000000000000000e+00 0.0000000000000000e+00 0.0000000000000000e+00 0.0000000000000000e+00 0.0000000000000000e+00 0.0000000000000000e+00 0.0000000000000000e+00 4.5739081808645645e+05 9.9417450211742786e-01 -1.0778246304276301e-01 0.0000000000000000e+00 2.3139539875543442e+03 0.0000000000000000e+00 0.0000000000000000e+00 4.9450347202303335e-05
8.1811013007482454e-05 1.2727486956990281e-03 0.0000000000000000e+00 2.4989960763236011e-07 0.0000000000000000e+00 0.0000000000000000e+00 0.0000000000000000e+00 0.0000000000000000e+00 0.0000000000000000e+00 0.0000000000000000e+00 0.0000000000000000e+00 4.5521890601610200e+05 9.9186669778762693e-01 -1.2728100337390641e-01 0.0000000000000000e+00 2.0013018010058088e+03 0.0000000000000000e+00 0.0000000000000000e+00 4.9308704130155064e-05
1.0871159480642465e-04 1.4672340336109946e-03 0.0000000000000000e+00 2.8808610100586568e-07 0.0000000000000000e+00 0.0000000000000000e+00 0.0000000000000000e+00 0.0000000000000000e+00 0.0000000000000000e+00 0.0000000000000000e+00 0.0000000000000000e+00 4.5236100434122514e+05 9.8917650996478101e-01 -1.4673047445536178e-01 0.0000000000000000e+00 1.4180918074749297e+03 0.0000000000000000e+00 0.0000000000000000e+00 4.9181644434693186e-05
1.3942545657485289e-04 1.6611537248729272e-03 0.0000000000000000e+00 3.2616153170346240e-07 0.0000000000000000e+00 0.0000000000000000e+00 0.0000000000000000e+00 0.0000000000000000e+00 0.0000000000000000e+00 0.0000000000000000e+00 0.0000000000000000e+00 4.4933602972908545e+05 9.8610497576750844e-01 -1.6612337814576714e-01 0.0000000000000000e+00 1.0428957543399929e+03 0.0000000000000000e+00 0.0000000000000000e+00 4.9081027495874494e-05
1.7394075753438942e-04 1.8544330097524141e-03 0.0000000000000000e+00 3.6411122092181799e-07 0.0000000000000000e+00 0.0000000000000000e+00 0.0000000000000000e+00 0.0000000000000000e+00 0.0000000000000000e+00 0.0000000000000000e+00 0.0000000000000000e+00 4.4447097147222189e+05 9.8265327933071167e-01 -1.8545223811159098e-01 0.0000000000000000e+00 8.3852281329712355e+02 0.0000000000000000e+00 0.0000000000000000e+00 4.9018847014477224e-05
2.1224419137948550e-04 2.0469973754058952e-03 0.0000000000000000e+00 4.0192053833333683e-07 0.0000000000000000e+00 0.0000000000000000e+00 0.0000000000000000e+00 0.0000000000000000e+00 0.0000000000000000e+00 0.0000000000000000e+00 0.0000000000000000e+00 4.3931343034130445e+05 9.7882275134907226e-01 -2.0470960270937999e-01 0.0000000000000000e+00 7.2852744544722339e+02 0.0000000000000000e+00 0.0000000000000000e+00 4.9007086281887702e-05
2.5432099140725462e-04 2.2387725846047808e-03 0.0000000000000000e+00 4.3957490772641791e-07 0.0000000000000000e+00 0.0000000000000000e+00 0.0000000000000000e+00 0.0000000000000000e+00 0.0000000000000000e+00 0.0000000000000000e+00 0.0000000000000000e+00 4.3439780051220022e+05 9.7461486856404533e-01 -2.2388804785849706e-01 0.0000000000000000e+00 6.8600844785758159e+02 0.0000000000000000e+00 0.0000000000000000e+00 4.9057545935696655e-05
3.0015493621031800e-04 2.4296847043553168e-03 0.0000000000000000e+00 4.7705981262488402e-07 0.0000000000000000e+00 0.0000000000000000e+00 0.0000000000000000e+00 0.0000000000000000e+00 0.0000000000000000e+00 0.0000000000000000e+00 0.0000000000000000e+00 4.2985487208210304e+05 9.7003125319454342e-01 -2.4298017990326642e-01 0.0000000000000000e+00 6.7754383216588724e+02 0.0000000000000000e+00 0.0000000000000000e+00 4.9181648078149436e-05
3.4972835593046446e-04 2.6196601344011614e-03 0.0000000000000000e+00 5.1436080188432855e-07 0.0000000000000000e+00 0.0000000000000000e+00 0.0000000000000000e+00 0.0000000000000000e+00 0.0000000000000000e+00 0.0000000000000000e+00 0.0000000000000000e+00 4.2626380943453935e+05 9.6507367231154839e-01 -2.6197863846333347e-01 0.0000000000000000e+00 6.7965688175217610e+02 0.0000000000000000e+00 0.0000000000000000e+00 4.9390223750642573e-05
4.0302213907071876e-04 2.8086256355976833e-03 0.0000000000000000e+00 5.5146349526334452e-07 0.0000000000000000e+00 0.0000000000000000e+00 0.0000000000000000e+00 0.0000000000000000e+00 0.0000000000000000e+00 0.0000000000000000e+00 0.0000000000000000e+00 4.2184348885237268e+05 9.5974403715685686e-01 -2.8087609927129381e-01 0.0000000000000000e+00 6.8181099233705129e+02 0.0000000000000000e+00 0.0000000000000000e+00 4.9693293829167310e-05
4.6001573986318746e-04 2.9965083581470491e-03 0.0000000000000000e+00 5.8835358896735127e-07 0.0000000000000000e+00 0.0000000000000000e+00 0.0000000000000000e+00 0.0000000000000000e+00 0.0000000000000000e+00 0.0000000000000000e+00 0.0000000000000000e+00 4.1562680497907684e+05 9.5404440240628074e-01 -2.9966527699625573e-01 0.0000000000000000e+00 6.7509695315202055e+02 0.0000000000000000e+00 0.0000000000000000e+00 5.0099855903477219e-05
5.2068718618984190e-04 3.1832358696832052e-03 0.0000000000000000e+00 6.2501686116298514e-07 0.0000000000000000e+00 0.0000000000000000e+00 0.0000000000000000e+00 0.0000000000000000e+00 0.0000000000000000e+00 0.0000000000000000e+00 0.0000000000000000e+00 4.0905409589877940e+05 9.4797696537750986e-01 -3.1833892805255137e-01 0.0000000000000000e+00 6.5979000265215370e+02 0.0000000000000000e+00 0.0000000000000000e+00 5.0617691062172825e-05
5.8501308805318942e-04 3.3687361831959330e-03 0.0000000000000000e+00 6.6143917746090086e-07 0.0000000000000000e+00 0.0000000000000000e+00 0.0000000000000000e+00 0.0000000000000000e+00 0.0000000000000000e+00 0.0000000000000000e+00 0.0000000000000000e+00 4.0272942348132719e+05 9.4154406518302036e-01 -3.3688985339222122e-01 0.0000000000000000e+00 6.4342689439025844e+02 0.0000000000000000e+00 0.0000000000000000e+00 5.1253204268770747e-05
6.5296864659356198e-04 3.5529377847832132e-03 0.0000000000000000e+00 6.9760649636483197e-07 0.0000000000000000e+00 0.0000000000000000e+00 0.0000000000000000e+00 0.0000000000000000e+00 0.0000000000000000e+00 0.0000000000000000e+00 0.0000000000000000e+00 3.9657843037570344e+05 9.3474818182829122e-01 -3.5531090128041926e-01 0.0000000000000000e+00 6.3140083749333485e+02 0.0000000000000000e+00 0.0000000000000000e+00 5.2011309978482187e-05
7.2452766364954849e-04 3.7357696612211966e-03 0.0000000000000000e+00 7.3350487468487478e-07 0.0000000000000000e+00 0.0000000000000000e+00 0.0000000000000000e+00 0.0000000000000000e+00 0.0000000000000000e+00 0.0000000000000000e+00 0.0000000000000000e+00 3.9011790722107788e+05 9.2759193525572614e-01 -3.7359497005251102e-01 0.0000000000000000e+00 6.2125910522661206e+02 0.0000000000000000e+00 0.0000000000000000e+00 5.2895370968572071e-05
