# t = 2.00038e-05
# 1:pos.x 2:pos.y 3:pos.z 4:area 5:q_total 6:q_cond 7:q_diff 8:tau 9:l_tau 10:m_tau 11:n_tau 12:sigma 13:n.x 14:n.y 15:n.z 16:T 17:Re_wall 18:y+ 19:cellWidthNormalToSurface
7.9966255185788624e-04 3.9171613273411530e-03 0.0000000000000000e+00 7.6912047291281714e-07 0.0000000000000000e+00 0.0000000000000000e+00 0.0000000000000000e+00 0.0000000000000000e+00 0.0000000000000000e+00 0.0000000000000000e+00 0.0000000000000000e+00 3.8897778583545308e+05 9.2007808433459437e-01 -3.9173501085195733e-01 0.0000000000000000e+00 4.7488940676172183e+02 0.0000000000000000e+00 0.0000000000000000e+00 5.3907193556975573e-05
8.7834434528891430e-04 4.0970428532028447e-03 0.0000000000000000e+00 8.0443956055758243e-07 0.0000000000000000e+00 0.0000000000000000e+00 0.0000000000000000e+00 0.0000000000000000e+00 0.0000000000000000e+00 0.0000000000000000e+00 0.0000000000000000e+00 3.8348372527702735e+05 9.1220952579746517e-01 -4.0972403034770100e-01 0.0000000000000000e+00 4.7240851540784462e+02 0.0000000000000000e+00 0.0000000000000000e+00 5.5047077238961758e-05
9.6054271061348732e-04 4.2753448910538509e-03 0.0000000000000000e+00 8.3944852143853924e-07 0.0000000000000000e+00 0.0000000000000000e+00 0.0000000000000000e+00 0.0000000000000000e+00 0.0000000000000000e+00 0.0000000000000000e+00 0.0000000000000000e+00 3.7790959502569208e+05 9.0398929312344400e-01 -4.2755509343028048e-01 0.0000000000000000e+00 4.6992836953171314e+02 0.0000000000000000e+00 0.0000000000000000e+00 5.6313912117105296e-05
1.0462259587970537e-03 4.4519987020644443e-03 0.0000000000000000e+00 8.7413385893483831e-07 0.0000000000000000e+00 0.0000000000000000e+00 0.0000000000000000e+00 0.0000000000000000e+00 0.0000000000000000e+00 0.0000000000000000e+00 0.0000000000000000e+00 3.7216130629446241e+05 8.9542055536869924e-01 -4.4522132588546365e-01 0.0000000000000000e+00 4.6745438837337122e+02 0.0000000000000000e+00 0.0000000000000000e+00 5.7705314026494089e-05
1.1353610573163850e-03 4.6269361828277216e-03 0.0000000000000000e+00 9.0848220118863930e-07 0.0000000000000000e+00 0.0000000000000000e+00 0.0000000000000000e+00 0.0000000000000000e+00 0.0000000000000000e+00 0.0000000000000000e+00 0.0000000000000000e+00 3.6621216850690544e+05 8.8650661594474722e-01 -4.6271591704434839e-01 0.0000000000000000e+00 4.6494824351476905e+02 0.0000000000000000e+00 0.0000000000000000e+00 5.9217785357032200e-05
1.2279136428942385e-03 4.8000898916147625e-03 0.0000000000000000e+00 9.4248030626011355e-07 0.0000000000000000e+00 0.0000000000000000e+00 0.0000000000000000e+00 0.0000000000000000e+00 0.0000000000000000e+00 0.0000000000000000e+00 0.0000000000000000e+00 3.6014690233721858e+05 8.7725091134492383e-01 -4.8003212240901189e-01 0.0000000000000000e+00 4.6249762212945353e+02 0.0000000000000000e+00 0.0000000000000000e+00 6.0846889290929924e-05
1.3238480347470549e-03 4.9713930743746975e-03 0.0000000000000000e+00 9.7611506723261979e-07 0.0000000000000000e+00 0.0000000000000000e+00 0.0000000000000000e+00 0.0000000000000000e+00 0.0000000000000000e+00 0.0000000000000000e+00 0.0000000000000000e+00 3.5406375605165982e+05 8.6765700981954341e-01 -4.9716326625265544e-01 0.0000000000000000e+00 4.6005613764308441e+02 0.0000000000000000e+00 0.0000000000000000e+00 6.2587426251412153e-05
1.4231272483405805e-03 5.1407796904696674e-03 0.0000000000000000e+00 1.0093735172654737e-06 0.0000000000000000e+00 0.0000000000000000e+00 0.0000000000000000e+00 0.0000000000000000e+00 0.0000000000000000e+00 0.0000000000000000e+00 0.0000000000000000e+00 3.4800959775833151e+05 8.5772861000026845e-01 -5.1410274419322777e-01 0.0000000000000000e+00 4.5762538175125638e+02 0.0000000000000000e+00 0.0000000000000000e+00 6.4433603364284694e-05
1.5257130096481067e-03 5.3081844381347460e-03 0.0000000000000000e+00 1.0422428345931459e-06 0.0000000000000000e+00 0.0000000000000000e+00 0.0000000000000000e+00 0.0000000000000000e+00 0.0000000000000000e+00 0.0000000000000000e+00 0.0000000000000000e+00 3.4233964209730836e+05 8.4746953947424009e-01 -5.3084402573950040e-01 0.0000000000000000e+00 4.5537209122997825e+02 0.0000000000000000e+00 0.0000000000000000e+00 6.6379190186949857e-05
1.6315657699058411e-03 5.4735427796530137e-03 0.0000000000000000e+00 1.0747103474680573e-06 0.0000000000000000e+00 0.0000000000000000e+00 0.0000000000000000e+00 0.0000000000000000e+00 0.0000000000000000e+00 0.0000000000000000e+00 0.0000000000000000e+00 3.3736704308459256e+05 8.3688375330840714e-01 -5.4738065680879988e-01 0.0000000000000000e+00 4.5343260966626661e+02 0.0000000000000000e+00 0.0000000000000000e+00 6.8417656439502032e-05
1.7406447208597054e-03 5.6367909662360730e-03 0.0000000000000000e+00 1.1067635390459936e-06 0.0000000000000000e+00 0.0000000000000000e+00 0.0000000000000000e+00 0.0000000000000000e+00 0.0000000000000000e+00 0.0000000000000000e+00 0.0000000000000000e+00 3.3370400969578855e+05 8.2597533252487576e-01 -5.6370626221501297e-01 0.0000000000000000e+00 4.5203923659757197e+02 0.0000000000000000e+00 0.0000000000000000e+00 7.0542289679597790e-05
1.8529078104976948e-03 5.7978660626004271e-03 0.0000000000000000e+00 1.1383900522114117e-06 0.0000000000000000e+00 0.0000000000000000e+00 0.0000000000000000e+00 0.0000000000000000e+00 0.0000000000000000e+00 0.0000000000000000e+00 0.0000000000000000e+00 3.3180085499522428e+05 8.1474848252748400e-01 -5.7981454812652122e-01 0.0000000000000000e+00 4.5134669138026607e+02 0.0000000000000000e+00 0.0000000000000000e+00 7.2746292630363596e-05
1.9683117592617276e-03 5.9567059712302226e-03 0.0000000000000000e+00 1.1695776943414650e-06 0.0000000000000000e+00 0.0000000000000000e+00 0.0000000000000000e+00 0.0000000000000000e+00 0.0000000000000000e+00 0.0000000000000000e+00 0.0000000000000000e+00 3.3174567426259560e+05 8.0320753148064727e-01 -5.9569930449243025e-01 0.0000000000000000e+00 4.5136417234711411e+02 0.0000000000000000e+00 0.0000000000000000e+00 7.5022861147486437e-05
2.0868120767327403e-03 6.1132494563170279e-03 0.0000000000000000e+00 1.2003144420064178e-06 0.0000000000000000e+00 0.0000000000000000e+00 0.0000000000000000e+00 0.0000000000000000e+00 0.0000000000000000e+00 0.0000000000000000e+00 0.0000000000000000e+00 3.3446147558504523e+05 7.9135692864066032e-01 -6.1135440743681646e-01 0.0000000000000000e+00 4.5249245888932779e+02 0.0000000000000000e+00 0.0000000000000000e+00 7.7365244627591271e-05
2.2083630787825908e-03 6.2674361673673981e-03 0.0000000000000000e+00 1.2305884456049247e-06 0.0000000000000000e+00 0.0000000000000000e+00 0.0000000000000000e+00 0.0000000000000000e+00 0.0000000000000000e+00 0.0000000000000000e+00 0.0000000000000000e+00 3.4077851034953113e+05 7.7920124264051804e-01 -6.2677382161946771e-01 0.0000000000000000e+00 4.5501080623790142e+02 0.0000000000000000e+00 0.0000000000000000e+00 7.9766791091106585e-05
2.3329179051861603e-03 6.4192066624691457e-03 0.0000000000000000e+00 1.2603880339323621e-06 0.0000000000000000e+00 0.0000000000000000e+00 0.0000000000000000e+00 0.0000000000000000e+00 0.0000000000000000e+00 0.0000000000000000e+00 0.0000000000000000e+00 3.4997792544500908e+05 7.6674515972855939e-01 -6.4195160256270567e-01 0.0000000000000000e+00 4.5856061804709168e+02 0.0000000000000000e+00 0.0000000000000000e+00 8.2220979311689056e-05
2.4604285376868614e-03 6.5685024312073272e-03 0.0000000000000000e+00 1.2897017186801213e-06 0.0000000000000000e+00 0.0000000000000000e+00 0.0000000000000000e+00 0.0000000000000000e+00 0.0000000000000000e+00 0.0000000000000000e+00 0.0000000000000000e+00 3.6103170998433116e+05 7.5399348196187221e-01 -6.5688189894303817e-01 0.0000000000000000e+00 4.6272153316333993e+02 0.0000000000000000e+00 0.0000000000000000e+00 8.4721440301215766e-05
2.5908458185085882e-03 6.7152659172211174e-03 0.0000000000000000e+00 1.3185181988647276e-06 0.0000000000000000e+00 0.0000000000000000e+00 0.0000000000000000e+00 0.0000000000000000e+00 0.0000000000000000e+00 0.0000000000000000e+00 0.0000000000000000e+00 3.7307831649137079e+05 7.4095112535495622e-01 -6.7155895484702144e-01 0.0000000000000000e+00 4.6716370937473266e+02 0.0000000000000000e+00 0.0000000000000000e+00 8.7261970271242627e-05
2.7241194693069788e-03 6.8594405403928889e-03 0.0000000000000000e+00 1.3468263651845621e-06 0.0000000000000000e+00 0.0000000000000000e+00 0.0000000000000000e+00 0.0000000000000000e+00 0.0000000000000000e+00 0.0000000000000000e+00 0.0000000000000000e+00 3.8381544146723597e+05 7.2762311798457791e-01 -6.8597711199018963e-01 0.0000000000000000e+00 4.7105288755466853e+02 0.0000000000000000e+00 0.0000000000000000e+00 8.9836536938397741e-05
2.8601981105526690e-03 7.0009707186609177e-03 0.0000000000000000e+00 1.3746153043025459e-06 0.0000000000000000e+00 0.0000000000000000e+00 0.0000000000000000e+00 0.0000000000000000e+00 0.0000000000000000e+00 0.0000000000000000e+00 0.0000000000000000e+00 3.9207859334261151e+05 7.1401459805126566e-01 -7.0013081189852633e-01 0.0000000000000000e+00 4.7399212204030914e+02 0.0000000000000000e+00 0.0000000000000000e+00 9.2439280764876206e-05
